27
0 2 1 1 41
145 70 0
144 70 0
142 70 0
141 70 16
140 70 0
139 71 0
138 73 0
136 75 15
135 77 0
134 81 0
133 84 0
132 87 16
132 90 0
132 93 0
132 96 0
133 99 16
134 101 0
135 104 0
137 106 0
138 109 15
140 110 0
142 112 0
144 113 0
146 114 16
148 115 0
151 115 0
153 116 0
155 116 15
157 116 0
160 116 0
163 116 16
165 115 0
169 113 0
171 111 0
173 109 0
176 106 16
177 104 0
179 102 0
179 99 0
181 96 15
182 93 0
0 2 1 1 6
179 78 0
178 76 0
177 74 0
175 73 0
175 72 15
173 72 0
0 2 1 1 23
222 49 0
223 49 0
224 50 0
224 52 15
224 55 0
225 58 16
225 61 0
226 65 0
226 71 0
226 76 0
225 82 0
224 87 16
224 91 15
223 96 0
222 101 0
221 105 0
221 109 0
219 113 0
218 116 0
216 120 16
216 123 0
216 125 15
216 127 0
0 2 1 1 21
219 118 0
221 118 0
223 118 0
224 117 16
226 117 0
229 116 0
230 115 0
231 115 15
233 115 0
234 115 0
236 115 0
237 114 16
239 114 0
241 114 0
242 114 0
243 114 16
245 114 0
246 114 0
247 114 15
248 114 0
249 114 0
0 2 1 1 32
143 146 0
138 151 0
135 156 0
132 159 0
131 162 0
129 166 16
126 170 0
124 175 0
124 178 0
123 182 15
123 185 0
123 188 0
126 192 0
128 194 16
131 197 0
134 199 0
137 202 0
143 204 16
149 206 0
156 208 0
163 209 0
170 210 15
179 211 0
187 211 0
197 211 16
207 211 0
217 209 0
226 208 0
237 206 16
247 204 0
258 201 0
267 198 0
0 2 1 1 41
390 84 0
389 86 16
388 87 0
387 89 16
387 92 0
386 95 0
384 100 0
384 104 0
383 108 0
383 112 15
383 118 0
383 124 0
383 129 0
384 135 16
385 140 0
386 146 0
389 150 0
391 154 16
394 157 15
396 161 0
400 163 0
402 166 0
406 168 0
412 171 0
416 173 0
423 175 16
429 176 0
436 177 0
444 177 0
452 177 15
459 177 0
467 176 0
475 174 0
482 172 16
489 170 16
495 167 0
500 163 0
503 161 0
507 157 0
510 154 0
512 152 0
0 2 1 1 24
497 119 0
498 119 15
500 119 0
502 119 0
504 119 16
506 119 0
508 119 0
511 119 0
515 119 15
519 119 0
524 119 0
529 119 0
533 120 16
539 120 0
544 121 0
549 121 0
552 122 16
555 122 0
558 123 0
561 123 0
564 123 15
565 123 0
566 123 0
567 123 16
0 2 1 1 22
511 142 0
511 143 0
512 143 16
513 143 0
516 144 0
519 145 0
522 145 15
525 146 0
528 146 0
532 146 0
535 146 16
538 146 0
541 146 0
545 146 0
548 146 16
552 146 0
555 146 0
558 146 0
561 146 15
563 146 0
565 146 0
567 146 0
0 2 1 1 25
579 114 0
579 116 31
580 118 0
581 120 0
582 123 16
583 129 0
583 133 0
583 140 0
583 145 15
582 151 0
581 158 0
581 163 0
580 170 16
578 177 0
576 184 0
574 191 0
572 198 16
570 204 0
568 210 15
567 217 0
565 223 0
564 228 0
563 234 0
563 238 0
562 242 16
0 2 1 1 47
522 247 0
519 248 0
516 251 0
514 253 16
511 257 0
509 260 0
507 263 16
506 268 0
506 271 0
507 274 0
508 277 15
511 279 0
513 283 0
518 286 0
523 290 16
530 293 0
537 295 0
544 298 0
552 299 15
562 300 0
571 301 0
579 302 0
588 302 16
596 301 0
601 300 0
606 298 0
611 295 16
614 293 0
617 288 0
618 285 0
618 279 15
617 275 0
613 270 0
609 264 0
603 258 16
595 252 0
588 245 0
578 240 0
568 234 16
557 230 0
547 227 15
538 224 0
530 223 0
523 222 0
517 222 0
513 222 0
511 222 16
255 2 1 1 45
177 339 0
177 340 62
176 342 16
175 344 0
174 348 0
174 351 16
174 355 0
174 359 0
174 363 0
174 369 15
174 375 0
174 381 0
174 388 0
174 395 0
173 402 16
173 407 0
173 413 0
173 417 0
173 421 15
174 425 0
176 429 0
177 431 0
178 433 32
178 434 0
179 436 0
180 436 0
181 436 0
183 437 0
184 437 0
186 436 15
188 435 0
191 431 0
192 428 16
195 424 16
198 420 0
200 415 0
203 409 0
207 401 0
209 394 0
209 388 0
211 381 31
212 376 0
215 371 0
216 367 0
218 362 15
255 2 1 1 13
185 381 0
186 382 16
187 382 0
189 383 0
190 384 16
191 384 0
192 384 0
193 385 0
194 385 15
195 385 0
196 385 0
196 384 16
197 383 0
255 2 1 1 23
264 310 0
265 312 16
266 314 0
266 318 0
267 322 0
267 328 15
267 333 0
267 339 0
266 344 0
264 351 16
263 358 0
261 365 0
259 372 0
257 379 16
254 387 0
252 394 0
250 399 0
247 406 15
245 411 0
244 415 0
243 420 16
242 423 0
242 425 0
255 2 1 1 23
243 428 0
245 427 0
247 427 16
249 427 0
252 426 0
254 425 0
256 424 16
259 424 0
262 424 0
264 423 15
267 422 0
270 421 0
272 421 0
274 421 16
276 421 0
279 421 0
281 421 0
283 421 16
284 421 0
285 421 0
287 421 0
288 421 15
289 421 0
255 2 1 1 25
222 447 0
216 452 0
211 459 0
207 465 16
202 472 0
199 478 0
197 484 15
196 489 0
195 493 16
194 498 0
194 502 0
196 507 0
199 511 0
202 515 0
206 520 0
211 523 16
216 526 0
222 529 0
229 531 0
236 534 15
244 535 0
251 535 0
259 534 0
267 532 16
276 530 0
255 2 1 1 44
383 390 0
386 390 0
388 390 16
390 390 0
392 390 0
394 390 0
396 391 16
399 392 0
401 392 0
403 394 0
404 394 15
405 395 0
406 396 0
406 397 0
407 399 16
407 400 0
407 403 0
407 405 0
407 408 16
406 412 0
405 417 0
403 421 0
402 427 15
399 434 0
396 440 0
392 447 0
389 454 16
386 460 0
382 466 0
380 472 0
377 478 15
374 484 0
372 489 0
370 493 0
368 496 16
367 501 0
365 504 0
364 507 16
364 509 0
364 511 0
364 512 0
364 513 15
365 513 0
366 514 0
255 2 1 1 21
459 352 0
460 356 0
461 363 0
462 369 16
462 375 0
462 382 0
462 389 0
461 396 16
459 403 0
457 410 0
455 417 0
453 424 15
451 431 0
449 438 0
448 445 0
445 450 16
443 454 0
441 458 0
439 460 0
439 462 15
439 464 0
255 2 1 1 7
479 442 0
483 441 0
486 440 0
489 439 0
495 438 0
500 436 15
504 434 0
255 2 1 1 33
563 387 0
562 387 16
560 387 0
559 387 0
557 387 0
555 389 0
554 392 0
552 395 0
551 399 15
551 402 0
550 406 0
550 409 0
550 413 16
550 416 0
550 419 0
551 422 0
553 424 16
555 426 0
557 429 0
559 430 0
562 432 15
564 432 0
567 432 0
570 432 0
573 432 16
576 432 0
578 431 15
581 429 0
584 427 0
586 424 0
589 420 0
591 416 0
592 412 32
255 2 1 1 39
544 419 0
541 423 0
539 426 0
537 429 16
535 432 0
534 435 0
532 438 0
531 441 16
531 444 0
530 448 0
530 450 0
530 452 15
530 454 0
530 456 0
530 458 0
530 460 16
530 463 0
531 464 0
532 466 0
532 468 16
534 468 0
534 470 0
536 471 0
537 472 15
539 472 0
540 472 0
541 472 0
543 473 16
545 473 0
547 474 0
549 474 0
551 474 15
553 474 0
555 474 0
556 474 0
557 474 16
558 474 0
559 473 0
560 473 16
255 2 1 1 90
557 475 0
559 475 0
560 475 16
564 474 0
566 472 0
570 470 0
575 469 0
579 466 15
585 463 0
590 460 0
596 458 16
602 455 0
607 453 0
613 451 0
619 448 0
625 446 16
631 443 0
635 441 0
640 438 0
646 436 15
649 433 0
654 431 0
657 429 0
662 426 16
664 425 0
667 423 15
670 421 0
672 420 0
674 418 0
676 418 0
678 416 0
679 415 16
679 414 0
681 413 16
682 413 0
683 413 0
683 412 15
682 412 78
682 414 0
682 415 16
681 415 0
681 416 0
680 417 0
679 418 16
679 419 0
679 420 0
679 421 15
679 422 16
678 422 0
678 423 0
677 424 16
677 425 0
676 426 0
676 427 15
676 428 0
676 429 16
675 429 0
675 431 15
675 432 16
675 433 0
674 434 0
673 437 0
672 439 16
670 441 0
669 442 0
667 445 15
667 447 0
665 449 0
664 452 0
662 456 0
659 459 0
657 464 16
654 467 0
652 472 0
649 476 0
647 481 0
644 486 16
642 490 15
639 496 0
638 501 0
636 504 0
636 508 0
635 511 16
633 514 0
633 516 0
633 518 15
633 519 0
633 520 0
633 521 0
633 520 47
255 2 1 1 23
576 463 0
577 463 16
577 464 16
577 466 0
577 467 0
576 470 15
576 472 0
575 474 0
575 476 0
574 478 16
573 480 0
572 482 0
570 484 0
570 486 16
568 489 0
567 490 0
566 491 0
565 493 15
565 494 0
563 496 0
563 497 16
562 497 0
562 498 0
255 2 1 1 30
571 482 0
571 481 0
572 481 47
573 481 0
574 481 16
575 481 0
576 481 0
578 481 0
581 481 15
584 481 0
586 481 0
589 481 0
591 481 16
594 480 0
596 480 0
599 479 15
601 479 0
603 479 0
605 479 0
607 479 16
608 479 0
609 479 0
611 479 0
612 479 0
613 479 16
614 478 0
614 477 31
614 476 0
614 475 0
614 474 16
255 2 1 10 47
760 302 0
760 303 0
759 303 0
758 304 16
758 305 15
758 306 0
758 307 16
758 308 0
758 309 0
758 310 0
759 311 15
759 312 0
760 314 0
761 314 0
762 316 16
763 316 0
763 317 0
764 317 0
764 318 16
765 318 0
766 319 0
767 319 0
768 320 15
769 320 0
770 320 0
771 321 0
772 321 16
773 321 0
775 322 0
777 322 16
778 322 0
779 321 0
780 321 15
781 320 0
782 318 16
783 317 15
784 316 0
784 315 0
784 314 0
784 313 16
784 312 16
783 312 0
782 311 0
781 310 15
781 309 0
779 309 0
778 308 0
255 2 1 10 19
741 336 0
741 338 15
741 341 0
741 343 0
741 346 0
741 348 16
741 351 0
741 354 0
741 357 0
742 360 31
743 362 0
744 365 0
745 367 0
745 368 0
746 370 0
746 371 0
746 372 31
747 373 0
747 374 16
255 2 1 10 27
786 331 0
786 332 0
786 334 16
786 336 0
785 339 0
784 341 0
783 344 16
782 346 0
780 350 0
779 353 0
778 355 15
777 358 0
776 361 0
774 364 0
772 367 16
770 369 0
769 371 0
767 373 0
766 375 15
764 377 0
763 380 0
761 382 0
760 384 16
759 385 0
758 387 0
757 388 0
756 389 16
255 2 1 10 30
707 384 0
708 384 32
709 384 0
711 384 0
712 385 0
714 385 0
717 385 15
720 386 0
724 386 0
730 387 0
737 388 16
744 388 0
753 388 0
761 388 0
772 389 15
781 390 0
791 390 16
801 391 0
809 392 0
816 393 0
823 393 0
829 394 0
834 394 16
838 394 0
843 395 0
844 395 15
845 395 0
846 395 0
847 395 0
846 395 32
