19
255 2 2 1 26
171 87 0
172 87 0
173 87 16
174 89 0
175 92 0
175 94 15
176 97 0
176 100 0
177 102 0
178 105 16
178 108 0
178 111 0
178 114 0
179 117 0
179 119 15
179 122 0
179 125 0
179 128 0
179 130 16
179 131 0
179 132 0
179 133 16
179 134 0
179 135 0
179 136 0
179 137 15
255 2 2 1 30
122 158 0
124 158 31
126 158 0
128 158 0
131 158 0
136 158 16
143 158 0
151 158 0
159 158 0
167 158 15
175 158 0
184 158 0
193 158 0
203 158 16
212 158 0
221 158 0
230 159 0
238 159 16
244 159 0
251 159 0
258 159 0
263 159 15
269 159 0
273 159 0
275 159 0
278 159 16
280 159 0
282 159 0
284 159 0
285 158 15
255 2 2 1 35
164 225 0
161 228 0
159 233 0
158 237 0
157 243 0
157 247 15
157 253 0
157 257 0
157 261 0
158 265 16
161 269 0
163 272 0
167 276 0
170 278 16
175 282 0
181 284 0
188 286 0
192 287 15
199 288 0
205 289 0
210 289 0
216 288 16
222 287 0
227 285 0
232 283 0
237 280 16
243 277 0
249 273 0
252 269 0
256 266 15
259 262 0
259 258 0
260 255 0
260 250 16
260 247 0
255 2 2 1 75
259 240 0
260 239 62
260 238 0
260 237 0
260 236 16
260 235 0
259 234 0
259 233 0
259 232 15
258 230 0
257 229 0
257 227 0
255 226 16
254 225 0
253 223 0
252 221 0
251 220 16
249 217 0
248 216 0
247 214 15
245 212 16
244 212 0
242 210 0
241 209 0
240 209 15
239 207 0
238 207 0
236 206 0
235 205 16
233 204 0
230 203 0
228 202 16
227 202 0
225 202 0
223 201 0
221 200 15
220 200 0
218 200 0
215 200 0
213 200 0
211 200 16
209 200 0
207 200 0
204 200 16
199 200 0
196 201 0
193 203 0
191 203 15
189 204 0
187 205 0
184 205 0
182 206 16
180 207 0
178 208 0
175 209 0
174 212 15
173 213 0
170 215 0
169 218 0
167 219 16
165 221 0
164 223 0
163 225 0
162 227 16
161 229 0
160 231 0
159 231 0
159 233 15
159 234 0
158 234 0
158 236 0
158 237 16
158 238 0
158 239 16
158 240 0
255 2 2 1 112
533 171 0
532 171 0
530 171 0
529 169 15
528 169 0
527 169 0
526 169 0
524 169 16
522 169 0
520 169 0
518 169 0
516 169 16
513 169 0
511 169 0
507 169 0
504 170 15
500 172 0
496 173 0
491 176 0
487 179 16
483 183 0
478 186 0
474 190 0
471 193 16
467 196 0
465 201 0
462 206 0
459 209 15
457 214 0
456 218 0
454 221 0
452 226 16
452 229 0
452 233 0
452 236 0
455 240 15
457 244 0
460 249 0
464 253 0
465 257 16
468 259 0
470 261 0
474 264 16
476 266 0
480 268 0
486 270 0
491 272 0
496 273 15
502 273 0
506 274 0
511 274 16
517 274 0
522 274 0
528 273 0
534 272 0
541 270 16
546 268 0
552 267 0
558 265 0
563 264 15
569 262 0
574 260 0
578 257 0
583 255 16
586 253 0
590 250 0
592 248 0
594 246 15
596 244 0
597 242 0
598 240 0
599 239 16
600 236 0
600 235 0
601 234 0
601 232 16
601 231 0
601 230 0
601 228 0
600 226 15
598 224 0
597 222 0
595 220 0
594 218 16
592 215 0
590 212 0
588 210 0
585 208 16
582 205 0
578 203 0
574 200 0
570 198 15
566 196 0
563 195 16
560 194 0
557 192 0
554 192 0
551 191 15
548 190 0
545 189 0
543 189 0
540 189 0
537 188 0
535 188 16
534 188 0
532 188 0
531 188 0
529 188 16
528 188 0
527 188 0
526 188 15
525 189 16
16711680 2 0 8 55
135 364 0
134 364 0
132 364 16
130 364 0
129 365 0
127 366 0
125 368 15
124 369 0
121 371 0
120 375 0
119 378 16
118 380 0
117 383 0
116 385 0
115 388 16
115 391 0
115 393 0
115 394 0
115 396 15
116 398 0
117 400 0
119 401 0
121 403 16
122 404 0
124 405 0
127 406 0
128 406 15
130 406 0
131 406 0
134 406 0
136 406 16
138 406 0
139 405 0
141 404 0
142 402 16
144 399 0
144 397 0
147 394 0
148 391 15
148 389 0
149 384 16
149 381 0
151 378 0
153 374 0
153 371 0
153 368 16
153 366 0
153 364 0
152 363 0
152 361 15
152 359 0
151 359 0
150 357 16
149 357 0
149 356 0
16711680 2 0 8 26
200 344 0
200 345 15
200 347 0
200 350 16
200 354 0
198 358 0
196 363 16
194 369 0
192 375 0
189 382 0
186 389 0
183 395 0
179 402 0
175 408 15
171 414 0
166 420 16
163 425 0
159 430 0
156 434 0
155 438 0
152 441 0
151 443 15
149 446 0
149 447 0
148 448 0
148 449 32
16711680 2 0 8 25
155 437 0
158 436 0
159 435 0
160 435 0
163 434 16
165 434 0
167 434 0
170 434 0
172 434 15
175 434 0
178 434 0
182 434 0
184 434 16
187 434 0
190 434 0
192 435 0
195 436 16
197 436 0
199 437 0
200 437 0
201 437 15
202 438 0
203 438 0
204 438 16
204 439 16
16711680 2 0 8 38
133 448 0
127 452 0
122 456 0
117 461 0
111 466 15
106 470 0
102 476 0
98 480 0
97 484 16
96 488 0
95 490 0
95 494 0
95 497 15
95 500 0
95 502 0
96 505 0
96 507 16
98 509 0
100 511 0
103 514 0
106 516 16
110 518 0
114 520 0
119 521 15
124 522 0
129 523 0
136 523 0
143 524 0
150 524 16
158 524 0
165 524 0
173 522 0
181 520 16
189 518 0
198 516 0
205 514 0
210 512 15
216 509 0
16711680 2 0 8 53
313 392 0
314 392 0
314 395 16
314 398 15
313 402 0
311 406 0
309 411 0
306 417 16
304 422 0
301 428 0
299 434 0
298 440 16
296 447 0
294 453 0
292 460 0
291 465 15
291 469 0
291 472 0
291 477 0
291 480 16
293 482 0
294 484 15
296 486 0
299 488 0
301 489 16
305 490 0
309 491 0
312 491 0
317 491 0
321 490 0
325 489 0
330 487 16
336 485 0
340 482 0
345 479 0
350 475 15
353 473 0
358 470 0
361 467 0
364 463 16
366 460 0
367 457 0
370 455 16
371 453 0
373 451 15
373 448 0
373 446 0
373 445 0
373 444 0
373 442 16
373 441 0
373 440 0
373 439 0
16711680 2 0 8 23
388 415 0
389 415 15
390 414 0
391 414 0
392 413 16
393 412 0
394 411 0
396 411 0
398 409 16
401 408 0
403 408 0
406 407 0
411 405 15
414 404 0
418 403 0
421 402 0
424 402 16
427 401 0
429 401 0
430 401 0
431 401 15
432 401 0
433 401 16
16711680 2 0 8 20
406 428 0
406 429 15
407 429 16
408 430 16
410 430 0
411 430 0
413 430 0
415 430 15
418 430 0
421 429 0
425 429 0
431 428 16
436 427 0
443 427 0
449 426 0
454 424 16
460 423 0
466 421 0
471 419 0
476 418 15
16711680 2 0 8 34
488 390 0
488 391 47
488 392 0
488 393 0
488 394 15
488 396 0
488 398 0
488 401 0
488 403 16
486 406 0
484 409 0
483 413 0
480 416 16
477 420 0
475 423 0
472 428 0
469 433 15
466 437 0
464 442 0
460 447 16
457 451 0
453 456 0
449 461 0
447 464 0
444 469 16
441 473 0
440 475 0
438 478 0
437 480 15
435 483 0
434 485 0
433 487 16
432 488 0
432 490 0
16711680 2 0 8 53
376 503 0
373 505 0
371 509 0
369 512 16
367 515 0
366 519 0
365 522 0
365 525 0
365 527 0
365 529 16
368 531 0
369 534 0
371 536 0
373 537 15
375 539 0
377 540 0
380 541 0
382 542 16
384 542 0
387 542 0
389 542 0
392 542 16
395 541 0
399 540 0
401 538 0
404 536 15
406 533 0
408 531 0
410 528 16
411 526 0
412 523 0
412 520 0
412 517 0
411 512 15
410 509 0
409 507 0
406 504 0
405 500 16
402 497 0
399 493 0
395 491 0
390 488 16
387 485 0
382 482 15
379 481 0
376 480 0
372 480 0
369 480 0
367 480 0
364 480 16
361 480 0
360 480 0
359 480 16
16711680 2 0 8 59
578 408 0
577 408 0
576 408 0
575 408 0
573 409 16
572 410 0
570 412 0
569 413 0
567 415 15
567 417 0
566 421 0
565 424 0
564 427 16
564 430 0
565 433 0
567 436 0
570 440 16
574 443 0
577 447 0
582 451 15
587 454 16
591 456 0
597 456 0
603 457 0
608 458 16
615 458 0
620 458 0
626 458 0
632 457 15
637 455 0
641 453 0
645 450 0
648 447 16
650 444 0
651 441 0
652 438 0
652 435 15
651 432 0
649 427 0
646 423 0
642 418 16
637 413 0
632 409 0
628 406 0
620 403 16
615 401 0
609 398 0
603 397 0
598 396 15
593 396 0
589 396 0
586 396 0
583 396 16
581 396 0
579 396 0
578 397 0
576 397 16
575 399 0
574 399 0
16711680 2 0 8 23
573 443 0
571 449 0
569 455 16
567 462 0
565 468 0
562 476 0
560 483 16
556 490 0
554 497 0
551 506 0
548 513 15
546 520 0
544 527 0
542 532 16
540 536 0
538 541 0
538 543 0
538 545 16
538 547 0
538 549 0
538 551 0
538 552 15
539 552 0
16711680 2 0 8 20
614 483 0
612 483 31
611 485 0
608 487 0
607 490 0
605 493 0
602 495 16
600 499 0
596 502 0
593 506 0
591 509 15
589 513 0
588 515 0
586 518 0
585 520 16
584 522 0
582 525 0
581 527 0
579 528 16
577 530 0
16711680 2 0 8 28
510 525 0
511 525 0
513 525 16
514 525 0
515 525 0
518 526 0
521 526 15
525 526 0
530 527 0
538 527 0
549 527 16
561 527 0
574 527 0
588 527 0
605 527 16
624 527 0
640 527 0
655 528 0
668 528 15
681 529 0
693 529 0
705 529 0
716 529 16
725 529 0
731 528 0
737 527 0
741 526 15
743 525 0
16711680 2 0 8 3
762 526 0
762 525 47
762 524 15
